#
<<<<<<< HEAD
#Fri Apr 13 15:40:01 MDT 2012
maxAz=360
maxEl=90
minAz=0
minEl=0
azOffset=89.9996484375
=======
#Thu Apr 12 15:59:55 PDT 2012
maxEl=2.0
maxAz=540.0
minEl=1.0
minAz=3.0
>>>>>>> ebf651bc2c49847d50b0f763439c85a5d6a472ee
encTol=25
azOffset=89.9996484375
elOffset=0
