#
#Fri Mar 02 15:28:51 PST 2012
baseLongitude=119.71416666666667
elToBalloon=0.0
baseLatitude=34.42583333333333
balloonLatitude=5.083333333333333
balloonLongitude=50.083333333333336
baseAltitude=0.015
balloonAltitude=50.0
azToBalloon=0.0
