#
#Tue Apr 17 15:19:17 PDT 2012
elToBalloon=-0.14888203270356848
>>>>>>>=d7db1e8892e8037cd216d2821d40233662aad50d
<<<<<<<=HEAD
balloonLongitude=120.0
baseLongitude=119.71416666666667
baseLatitude=34.42583333333333
baseAltitude=0.015
azToBalloon=89.92730398701829
balloonLatitude=34.4258
balloonAltitude=0.0
=\=\=\=\=\=\=
