#
#Tue Apr 10 17:47:21 PDT 2012
baseLongitude=119.71416666666667
elToBalloon=-0.14888203270356848
baseLatitude=34.42583333333333
balloonLatitude=34.4258
balloonLongitude=120.0
baseAltitude=0.015
balloonAltitude=0.0
azToBalloon=89.92730398701829
