#
<<<<<<< HEAD
#Fri Apr 13 15:40:01 MDT 2012
elToBalloon=-0.14888203270356848
=======
#Thu Apr 12 15:59:55 PDT 2012
>>>>>>> ebf651bc2c49847d50b0f763439c85a5d6a472ee
baseLongitude=119.71416666666667
elToBalloon=-0.14888203270356848
baseLatitude=34.42583333333333
balloonLatitude=34.4258
balloonLongitude=120.0
baseAltitude=0.015
balloonAltitude=0.0
azToBalloon=89.92730398701829
