#
#Thu Apr 12 14:52:08 PDT 2012
elToBalloon=-0.14888203270356848
baseLongitude=119.71416666666667
balloonLatitude=34.4258
baseLatitude=34.42583333333333
balloonLongitude=120.0
balloonAltitude=0.0
baseAltitude=0.015
azToBalloon=89.92730398701829
